Top-1: 37.66446850808658; Top-5: 57.300382824184595
Top-1: 38.098579491358485; Top-5: 57.75983050552165
Top-1: 38.52700972023334; Top-5: 58.18428687329067
